# logrho energy radius_cm pressure temperature
-10.4382 0.0 22851914501719.227 5.4663822813341945 2385.063795465105
-10.4061 -11.84 22820365213606.695 5.872188659713032 2385.6130399309136
-10.376 -11.827 22788859482351.523 6.282029912455565 2386.162410879492
-10.345 -11.813 22757397247819.242 6.734416926887178 2386.162410879492
-10.3192 -11.801 22731211902379.0 7.133456216702232 2386.7119083399743
-10.2912 -11.786 22705056686584.465 7.594514226678693 2387.2615323414875
-10.2676 -11.773 22684154183995.434 8.009400305332871 2387.8112829131783
-10.2436 -11.76 22658053114226.367 8.448896694845208 2388.361160084188
-10.2134 -11.741 22626771470593.574 9.042739083117834 2389.4612943407983
-10.1968 -11.731 22611146847761.176 9.386420366721353 2390.011551484727
-10.1654 -11.709 22579929962786.348 10.071635501321351 2391.1124459496955
-10.1416 -11.692 22559142653112.457 10.624292038711266 2392.2138475120555
-10.1138 -11.671 22527997564980.727 11.31097389333706 2393.3157564053877
-10.0912 -11.652 22507258064792.39 11.901453387038547 2394.41817286338
-10.068 -11.633 22486537657595.64 12.540071132481293 2396.0727497455664
-10.0354 -11.603 22455492807714.05 13.498950350559802 2398.2806309144576
-10.0113 -11.579 22429654842598.895 14.259358896765685 2399.937876809879
-9.9841 -11.551 22403846607423.18 15.167010939163394 2402.1493195322587
-9.9577 -11.522 22378068067978.766 16.102748130094234 2404.362800006932
-9.9328 -11.493 22352319190096.81 17.04904275992887 2407.1325190501684
-9.9049 -11.459 22326599939647.84 18.171885847844102 2409.9054286865953
-9.884 -11.432 22306045848130.49 19.067774183164207 2412.6815325916327
-9.8501 -11.386 22275250184727.27 20.615790869526375 2417.1299521044175
-9.8167 -11.338 22239375642646.3 22.279220921849095 2422.70201210924
-9.7867 -11.291 22208672023938.973 23.894612943407996 2427.727847680999
-9.7537 -11.237 22178010794560.26 25.816656717016254 2433.8846965041807
-9.7242 -11.184 22147391895987.55 27.675788306259456 2440.057159428208
-9.6932 -11.126 22116815269779.05 29.792023371471675 2446.808609695616
-9.6618 -11.063 22086280857573.652 32.11441387141269 2454.708915685031
-9.6281 -10.992 22050710652728.957 34.825711663865434 2463.2018382351575
-9.6019 -10.933 22025338442130.516 37.11077294929258 2471.1550750182187
-9.5733 -10.865 21994930322572.96 39.7923877634225 2479.704898798699
-9.5405 -10.784 21964564184378.73 43.12210969401274 2490.5771539520997
-9.5114 -10.707 21934239969588.457 46.33402194242089 2500.921153780118
-9.4875 -10.643 21909001773659.527 49.18129952683076 2510.1518809953313
-9.4634 -10.579 21883792617557.605 52.21556720489596 2519.9968621092394
-9.438 -10.517 21853579915762.562 55.6672798150948 2530.4630494613966
-9.4166 -10.471 21833461291216.75 58.76246425275582 2539.8028137728156
-9.3843 -10.414 21798298255139.945 63.76758944326093 2555.0535105132612
-9.3581 -10.38 21768203586618.297 68.17105263058534 2567.4382081061294
-9.3324 -10.354 21738150466710.344 72.79474013242678 2580.4770444360247
-9.3066 -10.346 21713137897258.562 77.76783344557057 2594.179362118815
-9.2765 -10.338 21678168643367.1 84.00400652637687 2609.7565724941437
-9.245 -10.343 21643255707854.13 91.09614522659137 2627.2415264688602
-9.222 -10.35 21618352327164.754 96.6495864314214 2639.9761293548113
-9.2024 -10.358 21593477601053.887 101.62486928706959 2650.940621093076
-9.1759 -10.359 21563665707344.242 108.79276133832896 2666.244668312513
-9.1464 -10.358 21528937180103.348 117.38159324832205 2683.490115967991
-9.1241 -10.356 21504165337748.82 124.27964384409145 2696.4973635434194
-9.1057 -10.358 21484368387763.098 130.28667477561604 2707.0732039213576
-9.09 -10.355 21464589663047.812 135.67505302998612 2716.4392688390835
-9.0645 -10.351 21434955711658.496 144.8438299900705 2731.492422089182
-9.0409 -10.344 21410292007206.977 153.8863149819954 2745.996630524712
-9.0146 -10.338 21380733019006.75 164.66450767206368 2762.4854546315764
-8.9966 -10.332 21356131704815.516 172.46461370742517 2773.320104651841
-8.9776 -10.328 21336471036074.91 181.09230641640588 2785.4797143757387
-8.9614 -10.319 21316828467142.86 188.7556673068528 2795.76072758083
-8.937 -10.294 21287398514440.008 200.95554765889193 2811.253440841773
-8.9074 -10.238 21253114918634.438 216.92020190687185 2831.391995799379
-8.8797 -10.18 21218886536947.26 233.07731152826386 2851.0182675039096
-8.8556 -10.137 21189591802594.414 248.25614085898934 2870.119636464438
-8.8313 -10.102 21160337512468.453 264.72807400175634 2890.014355349471
-8.8074 -10.074 21131123610732.164 282.09799536634296 2911.3874126187557
-8.7887 -10.064 21106809504630.223 296.5514145782622 2928.8693550290154
-8.7632 -10.047 21072816749465.21 317.46803215678744 2953.928642960281
-8.7431 -10.048 21048569732990.75 335.11973196770776 2974.404298125139
-8.7139 -10.042 21009832523915.633 362.5767902411965 3005.3842076633828
-8.6861 -10.04 20975995951273.656 390.93090059622864 3035.9876459875045
-8.6584 -10.034 20937392304991.234 421.40530639128616 3066.9027151623077
-8.6382 -10.033 20908486200773.766 445.04097664953724 3090.295432513592
-8.6172 -10.029 20879620004241.504 471.194269420276 3115.300895973758
-8.6002 -10.025 20860398016944.97 493.5145940408827 3135.4508691442925
-8.573 -9.977 20822007113922.88 531.3736321187098 3169.56746304349
-8.5524 -9.899 20793260310171.754 562.341325190349 3197.422303204927
-8.5277 -9.8 20759772529526.793 603.2537079266128 3236.6817570165304
-8.5089 -9.706 20731111646665.734 637.2355556351471 3272.6533057537135
-8.4937 -9.584 20707257806355.402 666.9603248243567 3305.9783107043236
-8.4714 -9.372 20669148738366.816 714.8254395687635 3363.566357483622
-8.4561 -9.154 20640612970453.87 751.2768385722684 3411.1435809487116
-8.451 -8.994 20631109805259.246 764.1876239634677 3429.2567329756016
-8.4489 -8.902 20631109805259.246 769.8391619294356 3437.1619861753497
-8.4458 -8.7 20621611015426.406 778.2157212031623 3449.0540481442044
-8.4435 -8.444 20621611015426.406 784.5127388202924 3457.8010353230598
-8.44 7.603 20612116598940.855 793.7797216901173 3471.362758876978
-8.4367 8.566 20607371030074.066 803.341124757973 3485.7802105603496
-8.4343 8.862 20602626553789.07 810.2144789817688 3496.2300400270183
-8.432 8.997 20597883169834.37 817.146641346752 3507.5187395256794
-8.4252 9.26 20583659569437.258 838.1080267271636 3540.788613684981
-8.4189 9.521 20569445790962.48 859.013521505396 3575.197187450261
-8.4051 9.779 20536318466129.27 909.9132726322517 3668.5969444134184
-8.3925 9.967 20503244493226.965 968.2778562612496 3789.6578379947123
-8.3837 10.077 20470223786331.695 1021.4097519898492 3916.5168559121084
-8.3771 10.108 20437256259657.918 1074.4841166445556 4056.0191798991405
-8.3692 10.097 20394947444196.15 1148.1536214968828 4255.984131337431
-8.3605 10.088 20348040366732.12 1234.809607858603 4485.387826207934
-8.3524 10.091 20301241172552.535 1319.4714571951179 4704.35405725976
-8.3466 10.189 20263879326414.695 1383.2478377146665 4866.312560731986
-8.3401 10.447 20207965442118.65 1493.482025127055 5172.494052829933
-8.3426 10.705 20161488411325.73 1584.1634902063738 5515.691912608028
-8.3484 10.952 20138289996634.85 1622.930791114431 5724.004941344636
-8.3685 11.082 20105857053079.48 1685.0003677818315 6211.550208324422
-8.3873 11.089 20068854786503.676 1747.4308552673233 6695.76187175689
-8.4034 11.096 19985848478949.195 1888.426125223437 7397.7559507440665
-8.4047 11.096 19907768897272.26 2024.417113593397 7819.87840389497
-8.401 11.092 19829994352485.863 2156.254406807191 8117.083246672256
-8.3973 11.087 19779831632136.695 2238.72113856834 8269.895085679318
-8.3919 11.077 19720711990388.645 2342.6100385925483 8437.232172118302
-8.3827 11.063 19634624068066.703 2500.921153780118 8653.663429563476
-8.3725 11.048 19544411165014.266 2663.1768070405187 8838.936217394066
-8.3626 11.033 19468056165650.902 2815.1400151333 8990.834429518032
-8.3516 11.013 19378608572592.72 2984.0081159302204 9139.027833487551
-8.3355 10.991 19258505880334.523 3232.2132033960884 9328.24620253989
-8.3201 10.968 19147963480804.836 3473.761519726527 9488.55326727801
-8.3041 10.945 19033672416824.664 3732.5015779572063 9640.509790107477
-8.2866 10.921 18911352532207.742 4024.389433137699 9792.644754685723
-8.2691 10.898 18785492718675.61 4330.1206773800395 9935.735005868442
-8.2521 10.876 18669065977175.676 4639.807899821257 10066.998409579657
-8.2362 10.853 18561906919099.32 4944.245193336823 10183.568757197852
-8.215 10.826 18412916789183.95 5367.845410255124 10334.750585252106
-8.193 10.801 18265122552498.156 5838.482731071996 10485.762093807725
-8.1764 10.782 18151920906220.855 6211.550208324422 10594.976554434503
-8.1617 10.762 18051886344537.51 6558.43169806728 10690.548792226577
-8.1414 10.741 17911113688314.957 7061.549373585069 10821.812374803212
-8.1278 10.721 17820611011543.777 7416.517059021937 10906.866565159731
-8.1073 10.696 17677571012401.812 7978.109633536664 11035.702899640139
-8.0846 10.674 17523570111582.633 8645.696780339125 11176.350161087857
-8.071 10.654 17431011544464.346 9067.759645839049 11261.597469078652
-8.0472 10.629 17271203070049.89 9846.91071376939 11407.750129221204
-8.0302 10.612 17152308944403.46 10439.988012574855 11513.304741558182
-8.0185 10.595 17073501243346.246 10864.256236170644 11585.105685247285
-7.9982 10.574 16932558726225.896 11643.941101974156 11713.859212800262
-7.9811 10.551 16815995811844.86 12339.5692613962 11822.246217614635
-7.9572 10.528 16650320228375.03 13372.111832804181 11972.917776081664
-7.9431 10.512 16554748621604.568 14021.678337057581 12064.240881970018
-7.9289 10.492 16455936033217.059 14706.184154045619 12156.26055237381
-7.9067 10.468 16301313156583.707 15834.341239145762 12305.520832818871
-7.8872 10.444 16166745086689.354 16896.62634048706 12436.552283881383
-7.8653 10.422 16014839499182.424 18171.88584784411 12589.254117941662
-7.8516 10.403 15919249540090.004 19015.160697745803 12688.199542156104
-7.8323 10.381 15784200557500.16 20272.158820696623 12829.21253709402
-7.8146 10.357 15657506134242.81 21493.146554191768 12962.835207050688
-7.792 10.33 15496106429540.674 23163.276959874467 13137.114949600631
-7.7741 10.304 15368185377226.025 24586.68629289733 13286.175963958023
-7.7483 10.271 15185272527024.99 26785.514945323343 13505.168278550382
-7.7256 10.237 15018362769174.096 28900.143553494676 13711.974597009239
-7.6969 10.203 14805483359763.88 31834.644175564354 13995.873225726178
-7.6871 10.184 14734065308280.504 32907.887201217316 14096.133365221667
-7.6668 10.154 14582184557321.229 35269.55661130865 14321.878992735425
-7.6505 10.126 14455149595551.676 37307.830931847195 14514.430494302622
-7.6331 10.092 14319326461084.074 39646.05690612776 14733.298912320059
-7.606 10.046 14106607751699.037 43631.48555506765 15111.23640945881
-7.5877 10.01 13957980604795.113 46590.7820110128 15392.17526952456
-7.5675 9.969 13788676751035.229 50153.35611066597 15732.581854464666
-7.5441 9.924 13593227659251.838 54663.82281334197 16162.182261066126
-7.5217 9.883 13400548981785.104 59401.853997036684 16595.869074375598
-7.4987 9.852 13201479040038.662 64669.573982980764 17060.823890031243
-7.4846 9.827 13080447152702.613 68076.93586937418 17338.039977541375
-7.4594 9.797 12865379176091.621 74507.50146362526 17827.89222579669
-7.4433 9.775 12732761096168.87 78849.69177453771 18130.091670170208
-7.4284 9.752 12610217883461.29 83042.42061523152 18399.24489796672
-7.413 9.725 12483104050913.158 87558.84014131156 18676.69385644388
-7.3933 9.688 12323174280080.98 93626.76114879118 19019.5396044231
-7.3741 9.643 12168094966185.584 99884.93699365058 19355.304139797456
-7.348 9.575 11957009946637.287 109043.55455436601 19806.147089717397
-7.3238 9.496 11763121708459.838 118249.68703831048 20239.510279887672
-7.3025 9.41 11593714207257.135 127028.157838881 20630.03667310707
-7.2877 9.334 11474204622946.008 133536.5033327187 20912.21330155289
-7.2748 9.241 11369008482651.18 139508.28503573677 21168.983285107388
-7.2526 9.039 11187230608421.303 150556.66982669797 21637.147217791102
-7.2375 8.787 11059171438595.7 158708.43165508678 21978.59872784823
-7.2209 7.799 10919998796874.55 168306.15557016613 22387.21138568338
-7.201 -8.766 10747874595706.512 180883.93616437545 22919.228792654605
-7.1852 -9.05 10607733260156.967 191778.5364482653 23382.987634799123
-7.1688 -9.222 10457372796349.41 203985.83002685604 23916.630833291067
-7.1573 -9.319 10349576773993.096 213304.4913146575 24322.04009073816
-7.138 -9.438 10165355950662.338 230250.19146104043 25072.636247771217
-7.1225 -9.514 10012040334074.297 245188.4453809514 25733.567644261097
-7.1086 -9.573 9872396525770.203 259656.97902737823 26375.457408893428
-7.093 -9.63 9712311222043.48 277204.3237577702 27139.384876415894
-7.0794 -9.674 9570234743944.861 293629.7125756696 27841.972488835647
-7.0672 -9.711 9441099843944.55 309385.5315451652 28503.618718608916
-7.052 -9.753 9279457574496.994 330217.4352670764 29362.971257566955
-7.0373 -9.79 9122683136473.92 351722.3773787032 30220.385498282703
-7.023 -9.824 8970622693251.002 373938.3436431516 31074.20310388586
-7.0072 -9.858 8800808893070.316 400128.97354069864 32047.931228494
-6.9921 -9.889 8640176027683.768 426677.75367496297 32991.34337888642
-6.9793 -9.914 8503987056935.715 450609.14357309794 33806.483620598156
-6.963 -9.943 8331488333551.095 482502.9800597104 34849.77672404488
-6.9437 -9.974 8132472259047.415 522636.8167369371 36091.09012120154
-6.9295 -9.995 7987715544063.579 553987.5439385942 36991.33456703487
-6.9098 -10.021 7793321461297.826 599238.9025834777 38203.22268844105
-6.8905 -10.042 7608912511119.796 645951.6322696259 39355.007545577726
-6.8805 -10.053 7514889352528.901 670965.206461878 39920.87024388083
-6.866 -10.067 7382825277867.809 708271.8805467454 40719.27154442865
-6.8529 -10.079 7268128391554.398 743019.1378967022 41399.96748197304
-6.8402 -10.09 7158509250699.848 777499.2880159734 42043.61010817494
-6.8222 -10.105 7008459863197.969 828514.2834779591 42904.21892388857
-6.7996 -10.123 6826885052949.316 895570.9546432736 43933.92456444767
-6.7766 -10.141 6648483427208.899 967832.0504881605 44936.57830540855
-6.7565 -10.156 6497145467976.389 1034903.8438261165 45772.01167050861
-6.7371 -10.172 6356566437714.722 1103062.1940666502 46558.60935229591
-6.7173 -10.187 6214734652590.256 1176792.7930277213 47358.72481253356
-6.6997 -10.201 6092879520094.232 1246522.1497763987 48072.864384396955
-6.6842 -10.214 5985805355978.7 1310690.042366076 48685.54096577117
-6.6681 -10.227 5877905377471.796 1381020.101444547 49340.0971187958
-6.6497 -10.242 5756023926323.821 1465885.3346709863 50095.6481513398
-6.632 -10.257 5639266131137.343 1553102.0752328474 50839.351252448556
-6.6135 -10.272 5521061572156.777 1649681.1044727284 51641.63692720711
-6.5875 -10.294 5355778290500.582 1796387.3990638931 52808.034077772354
-6.5632 -10.315 5205022252192.978 1946704.353001429 53963.48637300687
-6.5404 -10.335 5064336917944.674 2101357.7690467467 55131.524273958785
-6.5238 -10.35 4961609615176.432 2223309.8906514053 56027.33947937972
-6.5042 -10.369 4843090566802.364 2377935.1141013517 57161.02396416143
-6.4756 -10.395 4670061399948.376 2627846.540838493 58979.35244900739
-6.4604 -10.409 4578493379354.271 2772681.597612393 60020.554038719696
-6.4452 -10.424 4486654118232.915 2928869.3550290186 61122.34388984113
-6.424 -10.444 4359358550333.635 3165920.463432236 62805.8358813318
-6.406 -10.462 4251308200867.524 3384542.7186630894 64342.80649922968
-6.3863 -10.481 4134496137285.0537 3645020.7083030436 66130.22494817672
-6.3644 -10.502 4005185087789.8735 3963692.9115081 68265.29950876831
-6.3431 -10.523 3881705567757.7495 4303283.913057769 70469.30689671467
-6.3233 -10.542 3767233943421.209 4647292.41676204 72644.04185924765
-6.3008 -10.563 3640177747812.263 5075747.390289013 75231.54831868723
-6.2763 -10.579 3505278995999.2817 5587274.389940206 78180.78017635857
-6.2538 -10.621 3380824216446.7954 6117866.558211328 81114.78100379359
-6.2318 -10.641 3265296257191.888 6672675.421386397 84042.70070999398
-6.2116 -10.66 3160986132214.358 7229362.466614439 86816.04556119947
-6.1933 -10.676 3069181632613.9805 7771413.187936803 89392.2770479138
-6.1742 -10.693 2976614482957.4834 8379150.674384088 92150.98887349578
-6.161 -10.705 2913550771616.2183 8824701.010756554 94080.58300365883
-6.1474 -10.717 2849853863177.153 9311078.75467831 96116.95415159313
-6.1339 -10.729 2787549515384.0933 9819740.248654868 98197.40248654869
-6.1199 -10.741 2724724460457.6704 10375284.158180127 100369.09309200966
-6.0952 -10.762 2617113697770.238 11423521.410363026 104279.75448505068
-6.0816 -10.773 2559308213943.876 12050359.403717985 106487.83561269638
-6.0675 -10.785 2501051246563.8926 12732098.798529647 108842.87379435952
-6.0452 -10.804 2411140902805.9717 13889928.174968516 112615.9746907865
-6.0302 -10.816 2352461857259.801 14723125.024327194 115212.60598258063
-6.0146 -10.829 2293097867863.4507 15642277.998091001 117950.55805840052
-5.99 -10.849 2202026750436.9697 17206795.610302996 122405.23724999094
-5.9771 -10.859 2155870106142.1357 18088393.616437547 124795.80878702829
-5.9638 -10.87 2109223447177.0 19041449.26840382 127291.67461935601
-5.9484 -10.882 2055997539191.9924 20216222.090889234 130256.67861366888
-5.9323 -10.895 2002269770134.0264 21507998.62298119 133382.85221740993
-5.9158 -10.908 1949048250076.8315 22919228.792654607 136646.96807404657
-5.8985 -10.921 1894622063580.16 24490632.41844747 140119.95849400054
-5.8743 -10.94 1820633755515.0063 26878188.786381356 145144.30494302622
-5.8616 -10.949 1783292530623.9785 28222793.62118104 147842.7390400671
-5.8484 -10.959 1745109129474.8884 29675633.58073532 150660.7066186742
-5.8361 -10.969 1710498077972.785 31102836.686851423 153355.72729958166
-5.8234 -10.978 1675415737435.17 32651264.120195676 156134.9037969651
-5.8103 -10.988 1639919728446.7156 34332070.84260957 159074.29237502193
-5.7967 -10.998 1603698010827.025 36157633.63610974 162181.009735893
-5.7744 -11.015 1546758782128.2434 39355007.54557773 167340.0906839314
-5.7508 -11.032 1488410038791.3848 43052661.0491711 172981.63592151031
-5.737 -11.042 1455534790575.1326 45362815.31692419 176319.35968238316
-5.7226 -11.052 1422402773746.1406 47896083.24977883 179845.67574769404
-5.7078 -11.063 1388745262819.7073 50664061.24332974 183569.27808988173
-5.6923 -11.074 1354635929957.288 53703179.63702533 187499.45080674172
-5.6748 -11.087 1316808406828.4783 57385213.26746189 192043.67139433546
-5.6564 -11.1 1278858783083.8743 61489363.851262674 196879.274353661
-5.6371 -11.113 1240002584984.455 66114999.65410445 202069.14319922592
-5.6168 -11.127 1200390612769.8958 71367420.51224749 207634.7312093385
-5.6026 -11.137 1173876991978.0652 75248873.01735844 211592.36852409455
-5.5879 -11.147 1146892177295.6785 79506017.50844204 215774.44091526646
-5.5726 -11.157 1119496114327.5298 84178270.7660813 220191.22114844798
-5.5568 -11.168 1091748466369.1425 89330548.37332945 224801.91163625979
-5.5362 -11.182 1057115864592.4197 96449504.31350744 230940.44589192714
-5.5145 -11.197 1021698111229.5181 104544213.56941469 237519.8990470028
-5.4916 -11.212 985876672322.8741 113841340.23961335 244680.86096956182
-5.4672 -11.228 949341771625.2858 124594823.72707458 252406.18923028157
-5.4523 -11.238 927518521018.4321 131704313.81998418 257276.42953467797
-5.4367 -11.248 905571175771.4672 139508285.03573704 262421.8543384439
-5.4205 -11.259 883329207073.5609 148115326.41485527 267855.1494532334
-5.4037 -11.27 860840300685.3118 157615890.49638358 273589.8617722311
-5.3861 -11.281 837958654059.8931 168151211.23767152 279640.45493982034
-5.3677 -11.293 814746663265.0238 179887091.5128791 286088.23606272077
-5.3485 -11.305 791448372777.4707 193063422.1416201 293021.84598312766
-5.3284 -11.318 767578126979.7703 207873917.1878712 300400.0495724225
-5.3124 -11.328 749415360657.4912 220394118.18101066 306266.8558003772
-5.2959 -11.338 731008775466.356 234153147.5169306 312535.96436133434
-5.2786 -11.349 712397834280.6621 249344618.80978352 319153.7855100758
-5.2607 -11.36 693461876603.3245 266256365.85129726 326136.9459408789
-5.2419 -11.371 674407809244.652 285101826.75039095 333579.99666204816
-5.2223 -11.383 654971783108.6257 306196343.3690682 341507.3066688276
-5.2018 -11.396 635510295269.8918 329989407.9108345 349945.1670283569
-5.1802 -11.409 615633990995.4115 356861749.28348136 359004.5889901997
-5.1607 -11.421 598304942536.7433 382912902.12080956 367282.300498085
-5.1404 -11.433 580794627693.9431 412287340.72288644 376183.72279132844
-5.119 -11.446 563018402932.2562 445348506.26985765 385655.9178913931
-5.0966 -11.459 544907255372.4946 482947586.4447704 395822.0648357226
-5.073 -11.473 526771888498.7292 525896160.38246125 406724.1872642604
-5.0481 -11.487 508185875971.4596 575174998.4619448 418504.3726669269
-5.0351 -11.495 498910438406.78937 602559586.0743569 424717.34747143876
-5.0218 -11.502 489466068668.73193 632120682.0052692 431221.096940127
-5.008 -11.51 479979391175.73425 664048805.7745745 438026.1111703602
-4.9939 -11.519 470459876809.9303 698714892.5611271 445040.9766495368
-4.9676 -11.533 453234113629.8324 767714953.7690269 458458.46924932586
-4.9538 -11.541 444552022602.9865 806491881.5950962 465586.0935229591
-4.9397 -11.549 435735145371.7579 848203382.4524035 473042.3243999551
-4.9251 -11.557 426994804285.7579 893511198.6052202 480728.64384396956
-4.9101 -11.565 418044573643.3514 942757508.527414 488764.8886615807
-4.8946 -11.574 409093510719.2898 996322641.9544181 497278.8632333997
-4.8785 -11.583 400057660141.80005 1054872571.3234353 506174.1940112129
-4.862 -11.592 391041266232.585 1118922481.955243 515465.9707832393
-4.8448 -11.601 381876198428.53766 1189049678.9850998 525170.1096404131
-4.8265 -11.611 372325336358.7329 1269112144.4451916 535796.6575133418
-4.8075 -11.621 362762670664.26074 1357375480.8982055 546890.0223137939
-4.781 -11.636 349802243473.19806 1491076755.4527197 562859.4992827296
-4.7531 -11.65 336761620374.61365 1645886943.2193036 580096.1725227034
-4.7318 -11.661 327207003374.3729 1774598050.151721 593335.0443800039
-4.7097 -11.673 317484546192.0262 1918668740.6702871 607575.1461057412
-4.6956 -11.68 311546294753.0337 2016043970.6643662 616736.994454326
-4.6812 -11.687 305578356310.6693 2121289781.8830616 626181.1646156897
-4.6664 -11.695 299586742319.4535 2234601057.731221 636062.8048372598
-4.6512 -11.703 293509789209.4515 2357762195.961257 646397.9939995345
-4.6341 -11.711 286894743081.3881 2503802103.75374 658112.2882388993
-4.6164 -11.72 280235138664.9973 2664403527.724892 670501.880162841
-4.5984 -11.729 273604093355.13275 2837919028.441552 683124.7179792934
-4.5798 -11.738 267006965144.6456 3029005068.166211 696626.5141107687
-4.565 -11.745 261831920072.36777 3190068435.9752116 707294.0424045753
-4.5493 -11.753 256461743571.2151 3370543992.934826 718952.171866639
-4.5331 -11.761 251086053438.97653 3566974462.097343 731139.0834834173
-4.5176 -11.768 246049558741.90106 3765303604.122774 742848.0711131751
-4.5017 -11.776 240947592080.6615 3980155135.426724 755266.1140948063
-4.475 -11.789 232714042561.86447 4370186790.706128 776247.1166286912
-4.4529 -11.8 226163538561.83896 4718456982.481569 793779.7216901173
-4.4272 -11.812 218737170787.82333 5161786054.9667225 814891.8982138517
-4.4092 -11.82 213758104900.42902 5494143519.621421 830041.8697157014
-4.387 -11.831 207741178264.74524 5936083481.913708 848984.9665156191
-4.3585 -11.844 200273086286.97382 6553902858.334768 873775.7751180195
-4.3329 -11.856 193830711758.71405 7163083273.130367 896396.1859499493
-4.3116 -11.865 188678576283.54468 7710809965.858578 915798.6521327518
-4.2953 -11.873 184808775930.90326 8160184910.197359 930893.5046377284
-4.2733 -11.883 179772223716.40536 8804404761.64674 951480.736351758
-4.2549 -11.891 175639661126.64603 9384259312.370186 969170.0839472904
-4.2359 -11.9 171483599339.78946 10020744753.36478 987643.0227771067
-4.2093 -11.911 165852716996.82947 10984998450.583776 1013911.3857366799
-4.1845 -11.922 160776507551.88657 11967405313.072418 1039202.0624802018
-4.1604 -11.933 156035203078.02567 13004689876.11645 1064143.0182243164
-4.1348 -11.944 151155025373.59988 14203651240.480122 1091189.0519552024
-4.1069 -11.955 146023445125.8937 15638676645.114119 1121501.8646668652
-4.0906 -11.962 143127336857.1302 16534840121.711552 1139462.402896569
-4.074 -11.969 140224077159.76752 17510558574.78776 1157977.1775189396
-4.0579 -11.975 137474639821.4711 18505464897.94711 1176250.9846847232
-4.0386 -11.983 134252564546.80852 19774249066.065998 1198671.0045021877
-4.0187 -11.991 131015473427.15045 21173858184.863983 1222081.0223250575
-3.9996 -11.999 128003719814.87517 22609970723.50473 1244801.2048446748
-3.9799 -12.007 124974840317.58151 24182433379.304077 1268527.831257573
-3.9545 -12.017 121177668012.82306 26387606553.13271 1300169.5780332899
-3.9347 -12.025 118310309511.7989 28235793691.10294 1325256.6739590983
-3.9143 -12.033 115404459291.29117 30283076942.65775 1351450.0541175588
-3.8917 -12.041 112311076641.8462 32711465401.826603 1381020.101444547
-3.8683 -12.05 109199987968.74554 35432353487.83849 1412212.333276176
-3.8529 -12.056 107206863566.12299 37350807894.30625 1433177.5614035502
-3.8372 -12.062 105201659472.01146 39409416073.2285 1454788.9712157098
-3.8146 -12.07 102405336861.96425 42569642207.31739 1486277.8310073365
-3.7913 -12.078 99591572685.03088 46089288098.0896 1519497.5354068954
-3.7717 -12.085 97302184485.75761 49271978321.16145 1548103.5267089335
-3.7515 -12.092 94999778023.99988 52783720678.15769 1577974.5699434453
-3.7311 -12.099 92709148129.15155 56597858624.269714 1608792.377888798
-3.71 -12.106 90432094678.39276 60799498913.99812 1640967.576449624
-3.6919 -12.112 88516165172.76266 64669573982.980896 1669167.8072110582
-3.6733 -12.118 86600936904.62538 68881088265.26819 1698634.7325366177
-3.649 -12.125 84163268006.9743 74816950051.11552 1737800.8287493763
-3.6299 -12.131 82304312306.38863 79817845349.11536 1769293.9806872783
-3.6103 -12.137 80449359448.04709 85290370307.0565 1801772.6904025187
-3.589 -12.143 78473421849.23198 91685361146.1925 1838230.6368835315
-3.5669 -12.149 76475546737.89082 98832549809.90262 1876290.1558379005
-3.5442 -12.154 74477071333.42612 106733315426.18375 1916461.0627353853
-3.5235 -12.159 72714762591.87912 114498553469.01883 1953439.656398256
-3.5022 -12.165 70945130273.40187 123055208328.1887 1992507.6614963985
-3.4803 -12.169 69186695854.56444 132495155746.20943 2033293.1614677089
-3.4629 -12.173 67798891068.08961 140540016438.7624 2066331.5175644818
-3.4451 -12.176 66423627667.77672 149279440957.89944 2100873.969240991
-3.4271 -12.179 65076260732.884476 158598837611.22827 2135993.860189796
-3.4088 -12.182 63712198367.11642 168771845742.48035 2172200.953521927
-3.3882 -12.185 62233265595.234825 180883936164.37582 2213604.3521669284
-3.3672 -12.188 60760675091.74283 194177989440.97464 2257355.7110214476
-3.348 -12.19 59432307247.352165 207204889775.9003 2297206.3071583547
-3.3382 -12.189 58779053774.71797 214141085587.8584 2317928.3112437055
-3.3179 -12.199 57441079161.217545 229350663044.7591 2361565.523917716
-3.2998 -12.203 56275918306.80824 243724955630.39276 2401043.343569321
-3.2923 -12.196 55785661918.77875 250034536169.64294 2417686.580925773
-3.2893 -12.197 55606119735.11525 252522453344.76898 2424376.1335250754
-3.2863 -12.196 55414394290.2521 255093856796.84268 2431084.195601302
-3.2833 -12.194 55223329899.35896 257691444517.38632 2437810.81836875
-3.2803 -12.191 55032924283.17471 260315483137.41815 2444556.0531834275
-3.2773 -12.191 54855804732.03316 262966242003.02243 2451319.951543426
-3.2743 -12.19 54666666313.17432 265643993203.0007 2458102.5650893436
-3.2723 -12.19 54540936469.62024 267423765708.89865 2462067.7530212197
-3.2703 -12.182 54415495796.68194 269215462407.52853 2466607.2291544694
-3.2683 -12.151 54302845882.1987 271019163189.08417 2471155.0750182187
-3.2664 -12.091 54177952802.415924 272834948479.012 2475711.3060442894
-3.2538 11.813 53422301066.8051 284511614423.3282 2503802.10375374
-3.2423 12.376 52750015370.93982 295460888847.93353 2528715.671105163
-3.2259 12.681 51811073472.68137 311601830310.54675 2564484.036517716
-3.2019 12.923 50503629525.50152 336434093643.22955 2616375.0559858195
-3.181 13.06 49410880209.91621 359335396755.3901 2660725.059798809
-3.1652 13.139 48609660795.24205 377398352536.5861 2694014.9410636667
-3.1439 13.227 47568843236.713684 403088121287.06 2738419.634264361
-3.1224 13.298 46561031235.56484 430328391305.7778 2783556.237577429
-3.1027 13.353 45669114454.95564 456562250202.2352 2824229.597144114
-3.0781 13.412 44598740132.15587 491473380199.2673 2875411.464674007
-3.0516 13.465 43473298234.713234 531740818827.14276 2930893.245250318
-3.0221 13.515 42288530166.24534 579962615819.6433 2992264.636608189
-2.9979 13.55 41354482498.14127 622586931038.7435 3042986.320313067
-2.9806 13.572 40702641101.71661 654786926972.2534 3079640.3415023936
-2.963 13.593 40051850877.89873 689128164838.0544 3117453.613031267
-2.9436 13.613 39357054712.27044 728953792855.6997 3159366.4356825156
-2.9249 13.63 38701035962.74612 769484719513.4304 3199631.767318347
-2.9072 13.645 38099790754.44661 809841447325.789 3238172.6473132535
-2.8894 13.659 37499250757.12027 852903703070.5651 3277932.453002282
-2.8625 13.678 36628791531.30371 921722098658.8767 3338105.0516598956
-2.8427 13.691 36001665339.640915 975888050030.2886 3382984.4379759016
-2.8226 13.704 35377129432.16258 1033951100982.3712 3429256.732975598
-2.7916 13.722 34444714589.56802 1131097389333.7048 3501869.8409688747
-2.7583 13.739 33482863357.818085 1244801204844.6748 3580964.3710263623
-2.7394 13.749 32955096714.663082 1314619288216.086 3627438.0147645758
-2.7204 13.758 32428181158.660732 1388673026899.934 3674514.7919993987
-2.7001 13.767 31880314019.181366 1472990683541.7725 3724774.6248639864
-2.6795 13.777 31334487114.060104 1562787756030.0095 3777461.0938821947
-2.6478 13.79 30522674866.714497 1713168182715.8123 3859224.1159472917
-2.6254 13.8 29958674231.945347 1827679328970.4126 3918320.8939411053
-2.6029 13.809 29411866802.818157 1951191970002.3823 3979238.7763422495
-2.5712 13.822 28656463336.494003 2138454430146.535 4065369.269757334
-2.5517 13.829 28204771816.02359 2263080486912.689 4120026.410605533
-2.5321 13.836 27760199988.84084 2395521097119.8315 4175418.393198111
-2.4989 13.847 27028540215.466 2638153128165.214 4271692.674763229
-2.4682 13.856 26364685223.71414 2885359954579.747 4362144.019080493
-2.4346 13.866 25669806237.84099 3181998715530.3174 4464779.341129965
-2.4155 13.872 25276829006.378075 3365115693754.9014 4523764.623324996
-2.3962 13.877 24895599599.034893 3559590180060.8228 4584584.692493259
-2.3777 13.882 24531414491.049828 3757508744904.868 4644083.289410481
-2.3591 13.888 24172556862.419113 3968258909509.1104 4704354.0572597645
-2.3251 13.898 23530035939.875896 4384297339745.6685 4816149.948400465
-2.3072 13.903 23201848705.452385 4619553487999.654 4876407.606118829
-2.2893 13.908 22878238891.187256 4869675251658.631 4938556.196176077
-2.2619 13.917 22393531630.071995 5278372067815.77 5033846.868348144
-2.2311 13.926 21858612467.868557 5776968506969.2705 5142804.319487918
-2.2056 13.934 21430020698.895565 6228737089440.281 5236004.365857506
-2.1799 13.942 21009832523.915634 6717381285473.8 5330893.422367013
-2.1539 13.95 20588399677.909863 7252704780912.472 5430002.130657378
-2.1244 13.959 20124383762.327606 7912249981343.14 5543703.57180495
-2.1036 13.966 19807177364.824963 8412014255573.912 5624708.239741309
-2.0829 13.972 19490482500.76831 8943345319325.57 5708210.761718673
-2.0589 13.979 19139147547.849815 9598425535829.084 5804970.271968697
-2.035 13.986 18789818736.25753 10303861204416.158 5904729.404069872
-2.0038 13.995 18349430527.609665 11297959146728.0 6036705.647858451
-1.9792 14.001 18006221594.94759 12153461792171.889 6143275.612705213
-1.9546 14.008 17673501069.839905 13073744701631.342 6251726.927756862
-1.9287 14.015 17330958827.273968 14112371484118.492 6367955.209079162
-1.9029 14.022 16995055630.784885 15237018680808.697 6486344.335482388
-1.8754 14.029 16642654237.839771 16534840121711.553 6614545.374840602
-1.8478 14.036 16301313156.583698 17943204217168.44 6745280.276979215
-1.8198 14.043 15959621615.934698 19502936197623.086 6883352.332539898
-1.7917 14.05 15625092265.70739 21203131167398.477 7022633.437357637
-1.7694 14.056 15364647129.141932 22662092088956.723 7136742.051224749
-1.747 14.061 15108543193.767935 24227020121092.375 7252704.780912472
-1.7297 14.065 14914977087.074247 25509385679684.266 7343447.595588672
-1.7124 14.069 14720500980.188108 26859628402600.977 7435325.746482751
-1.6846 14.075 14418583290.29319 29180988537418.383 7585775.7502918355
-1.6569 14.082 14122857936.623386 31702973669527.176 7739270.032780554
-1.632 14.087 13861894542.170156 34150730666882.758 7881338.850934166
-1.6072 14.092 13605753251.964535 36795948301478.39 8024167.763085845
-1.58 14.098 13332837639.310282 39920870243880.83 8184647.881347903
-1.5528 14.103 13065396396.964758 43301206773800.4 8348337.537236499
-1.527 14.108 12815117440.882212 46805835289681.945 8507461.648896983
-1.5012 14.113 12569632794.436708 50582466200311.48 8669618.757582162
-1.4815 14.117 12385758007.313606 53666095604607.266 8796299.338442335
-1.4618 14.12 12204573031.252811 56937710510942.31 8924830.977580344
-1.4319 14.126 11935004594.250319 62316061894583.53 9124309.325911984
-1.402 14.131 11671390248.557858 68186751402860.086 9328246.202539891
-1.3743 14.136 11432009864.259165 74148095394527.44 9521382.23021403
-1.3466 14.142 11197539175.135311 80630620135472.66 9718517.02940168
-1.3182 14.148 10962827751.860538 87861780519760.11 9926588.068710316
-1.2899 14.153 10733036110.63377 95741449875148.52 10139113.8573668
-1.2667 14.158 10546845655.716908 102706989602628.08 10315730.794395102
-1.2436 14.162 10366271771.796318 110179297754425.1 10495424.286523221
-1.2174 14.167 10165355950.66234 119316361150367.48 10705328.538333628
-1.1912 14.172 9966039187.279541 129211152442593.0 10916916.788093647
-1.1661 14.176 9781885850.381489 139444053887145.81 11124999.496564448
-1.1411 14.181 9598924826.2189 150522006863212.97 11337048.381054107
-1.1161 14.186 9419385916.858576 162442625419354.16 11553139.039157076
-1.0911 14.192 9245333686.526781 175266938246620.53 11773348.509401409
-1.0657 14.198 9070319609.919945 189452351435659.16 12003281.741626717
-1.0403 14.205 8898618548.07808 204691590227045.75 12237705.564718282
-1.015 14.213 8730167785.663961 221207577646412.38 12473835.142429432
-0.9897 14.222 8564905794.541096 239001155148472.2 12717448.86288068
-0.9674 14.23 8422142601.761411 255858588690564.25 12933021.513395702
-0.9451 14.238 8281759041.601345 273841963426436.12 13155277.087701103
-0.9228 14.246 8145590825.09745 293089324525032.44 13378271.336046984
-0.9005 14.255 8009816937.892641 313761751011875.6 13608178.58362455
-0.876 14.265 7863621302.742731 338142687473827.2 13861173.512382437
-0.8514 14.275 7720094038.655807 364418150788861.25 14122123.332761759
-0.8269 14.285 7577441471.10421 392735355646724.3 14384673.207789231
-0.8024 14.296 7440850699.562862 423155509716616.44 14655478.409559129
-0.7816 14.304 7325252351.418107 450816704541460.06 14886753.594923628
-0.7608 14.313 7211449897.134598 480286080239690.75 15121678.487917664
-0.7401 14.322 7101050325.390582 511564030007004.25 15360310.683850272
-0.7193 14.33 6990730992.178301 544878911890189.9 15599116.444075454
-0.7026 14.338 6904346688.536575 573323838653840.8 15797923.264883803
-0.6859 14.345 6819029833.767366 603253707926612.8 15995580.286146678
-0.6691 14.352 6733216678.48625 634599900981287.1 16199439.939036302
-0.6524 14.359 6650014473.353387 667574900964306.9 16402120.56931852
-0.625 14.371 6515122569.183906 725437497018397.6 16741717.139071142
-0.5977 14.383 6384436775.126184 788315380521556.0 17088344.862490814
-0.5796 14.391 6298289086.32097 832721925985242.0 17318090.307501152
-0.5615 14.4 6214734652.590256 879427414883683.5 17554966.29621233
-0.5435 14.408 6132288669.630918 928966386779936.2 17790985.265651453
-0.5254 14.416 6050936432.50082 981070009743197.4 18030177.4085957
-0.5072 14.425 5969288793.54258 1036811964061027.8 18276793.289704088
-0.4889 14.433 5888742857.935847 1095468767333996.5 18526782.370722678
-0.4706 14.442 5809283759.968766 1157710574115268.5 18780190.7901141
-0.4524 14.451 5730896834.518309 1223207119049932.5 19032682.375763487
-0.4316 14.462 5644462479.828602 1302266893577979.8 19328582.261997387
-0.4109 14.473 5558051806.609357 1386436553301338.2 19629082.484691728
-0.3902 14.484 5474224329.8447 1476046366385642.0 19929665.061647184
-0.3695 14.496 5390419820.312484 1571086149673956.0 20234850.496919617
-0.3476 14.511 5304232967.902418 1678417503712764.8 20563640.36792853
-0.3257 14.526 5219424147.9603195 1792668552365530.8 20897772.644570425
-0.3039 14.544 5137154064.534852 1914255925021086.0 21237334.133953657
-0.2821 14.563 5055016651.508244 2044089936002377.8 21582413.05368864
-0.2492 14.596 4934266368.934769 2257355711021447.5 22110573.12450639
-0.2164 14.634 4816400474.632741 2492298178052618.5 22651658.212545954
-0.1853 14.674 4707849712.504034 2736528654192472.0 23173946.499684796
-0.1543 14.715 4602805151.833603 3004000495724231.5 23708277.395462833
-0.1302 14.745 4521917040.950421 3229981240595624.5 24126815.325916354
-0.1062 14.772 4443473459.630805 3472162161722191.0 24558396.11248702
-0.0857 14.792 4376456241.880399 3694026443582841.5 24928721.169904567
-0.0651 14.808 4311442421.154756 3929162586130565.5 25310457.771974366
-0.0446 14.819 4247394403.958666 4179265867213064.0 25692123.442840587
-0.0242 14.826 4184297842.935715 4444265543439951.0 26079544.390266012
-0.0075 14.828 4134496137.2850533 4671969511718794.0 26399761.293548085
0.0091 14.829 4084346609.984719 4912471004503345.0 26723909.970469035
0.0257 14.828 4034805373.272871 5162974736975881.0 27052038.697193515
0.0423 14.826 3986782933.8815913 5427502097963173.0 27384196.34264361
0.0599 14.825 3935705471.2270436 5722687092228432.0 27739587.58729896
0.0774 14.826 3886177119.984069 6033926282193050.0 28099591.088424996
0.095 14.829 3836388588.7279468 6360628048372598.0 28464266.703742232
0.1125 14.835 3788110077.3108263 6705018801628409.0 28827036.63307128
0.1357 14.85 3724968379.9926276 7189521718666391.0 29322432.823031154
0.1589 14.872 3662035841.1304364 7709034690644309.0 29826342.457787678
0.1755 14.891 3618450121.8800583 8104010592399332.0 30192564.30871956
0.1921 14.913 3575383161.8677073 8517261866459200.0 30563282.803659663
0.2086 14.937 3532828786.797041 8953647655495937.0 30931430.109489635
0.2252 14.962 3489977206.38482 9408058300365882.0 31311220.745994907
0.2477 14.994 3434176329.93588 1.0069316688518044e+16 31834644.175564352
0.2701 15.021 3378489632.243599 1.0772090663440894e+16 32359365.69296281
0.2932 15.039 3322175648.384073 1.1547819846894582e+16 32915465.394706797
0.3163 15.043 3267552623.169171 1.2376561379855972e+16 33473413.312923558
0.3393 15.03 3213087780.67708 1.326172445097379e+16 34040818.97010009
0.3622 15.001 3160258372.0493393 1.4206922128601816e+16 34617842.68375584
0.3916 14.953 3094016251.4531627 1.552029600789141e+16 35367144.75857597
0.4208 14.887 3029162630.7910085 1.695118251531395e+16 36140986.263961315
0.4428 14.933 2981416087.2490597 1.8113400926195988e+16 36728230.0498085
0.4648 14.987 2934422138.6312113 1.935084792937903e+16 37325015.77957206
0.4867 15.049 2888168922.3170953 2.066807362761038e+16 37931498.49736817
0.5086 15.119 2842644762.668426 2.2074963796691444e+16 38538960.82118188
0.5359 15.218 2787549515.384093 2.3960727497455664e+16 39318776.93146969
0.563 15.327 2732892762.5982313 2.6001595631652668e+16 40114372.22087667
0.585 15.422 2690435535.357846 2.7777937729057076e+16 40766178.33479443
0.6069 15.523 2648028106.9385204 2.9668801300210068e+16 41419037.262210116
0.6288 15.629 2606889306.0993953 3.168837727181507e+16 42092042.47768363
0.6506 15.74 2566389622.696392 3.3829844379758948e+16 42766134.74797275
0.6764 15.876 2518967652.551692 3.654264677506518e+16 43581281.856073074
0.7021 16.017 2472991311.426502 3.947298776597851e+16 44401741.08068949
0.7309 16.182 2422828036.093857 4.3003123363054584e+16 45331490.61464115
0.7597 16.354 2374228918.824771 4.682739513736008e+16 46280708.62381132
0.7785 16.469 2343271392.420679 4.949940743969364e+16 46913733.88345966
0.7974 16.586 2312185059.0390763 5.231184047796875e+16 47533522.59428049
0.8164 16.704 2282562040.1885147 5.527134079444346e+16 48172590.35591634
0.8355 16.824 2252799756.4980726 5.838482731072007e+16 48809010.12475764
0.8609 16.978 2215249210.859153 6.270468637308514e+16 49647799.00060684
0.887 17.128 2178324572.371419 6.732866448596836e+16 50501002.56703162
0.9199 17.302 2134629910.6927116 7.338376673335387e+16 51522864.458175614
0.9548 17.46 2093257184.7247474 7.994660025203146e+16 52553300.962692104
0.9934 17.605 2051741252.566707 8.727703824424139e+16 53579665.751334175
1.0356 17.734 2012901810.6461403 9.519190103322856e+16 54575786.109127104
1.0811 17.842 1977072478.0136201 1.0353805444147549e+17 55500896.71836454
1.1317 17.936 1943670264.1252406 1.1246049739669222e+17 56350788.84001389
1.1775 18.0 1918768545.878957 1.2025412981077802e+17 56977055.27561363
1.2024 18.026 1906876604.962914 1.2427964384409158e+17 57266415.50089677
1.2276 18.049 1895931274.26959 1.2843991219526435e+17 57530745.26484432
1.2682 18.074 1879847376.0301938 1.3489628825916506e+17 57902857.947463684
1.2894 18.083 1872072184.515272 1.3819744059012934e+17 58076441.75213124
1.3109 18.088 1864758478.8604963 1.4154678189209248e+17 58237134.794375144
1.3328 18.09 1857901094.2651906 1.4497729754221382e+17 58371385.25505096
1.355 18.089 1851068926.7282991 1.484225880064579e+17 58505945.195000574
1.3776 18.083 1845111393.0935755 1.5191476984475203e+17 58627314.33534495
1.4001 18.074 1838749596.8677628 1.5545331940607894e+17 58748935.252977684
1.4227 18.06 1832831712.1196587 1.5907429237502163e+17 58843703.70258761
1.4451 18.043 1827353588.9374092 1.6270466311748957e+17 58938625.024058156
1.4674 18.02 1822311393.6354163 1.6637957093869997e+17 59020108.017184414
1.4782 18.007 1819795515.7126179 1.682674061070464e+17 59060891.7480365
1.4891 17.993 1817283111.203718 1.7013748158991923e+17 59088096.5574781
1.5042 17.97 1813521006.6033325 1.7278259805078662e+17 59142543.77562234
1.519 17.945 1810183452.3995996 1.7542843942496502e+17 59183412.1113182
1.5333 17.918 1807268131.4986498 1.7811479689657616e+17 59224308.687613055
1.5473 17.889 1803942084.914357 1.8080065521100118e+17 59251588.77066765
1.5609 17.856 1801036815.806256 1.8352701456751024e+17 59292532.45799994
1.5742 17.82 1798136225.6668756 1.8629448569616496e+17 59319843.96649729
1.5868 17.783 1795240306.9606855 1.890166231186894e+17 59347168.05530548
1.599 17.744 1792349052.1642888 1.918227001725257e+17 59374504.73021954
1.6126 17.694 1789050462.243451 1.9498445997580416e+17 59401853.99703668
1.6255 17.642 1786169176.261902 1.9819833417975024e+17 59415533.35422151
1.6377 17.587 1783292530.6239784 2.0141879803931952e+17 59442901.51976951
1.6494 17.53 1780420517.8563533 2.0469159022704576e+17 59456590.329583965
1.6606 17.468 1777553130.4977381 2.0796966871037024e+17 59483977.406922124
1.6714 17.403 1774690361.0988588 2.1125159662408515e+17 59497675.675897986
1.6816 17.337 1771832202.2224383 2.1458531598843792e+17 59511377.09938012
1.6983 17.217 1767350106.983991 2.2039411818101066e+17 59538789.412768535
1.7116 17.108 1763691372.7301013 2.253201335629476e+17 59552500.304128304
1.7363 16.875 1756396611.2664602 2.3539649933074355e+17 59593651.92559373
1.7635 16.569 1747924181.1160502 2.4768516757935376e+17 59634831.98341264
1.795 16.155 1738291435.8976793 2.636331385825376e+17 59676040.49723495
1.8219 15.768 1729508060.910796 2.7841972488835706e+17 59717277.486724034
1.837 15.547 1724735849.625429 2.872764332080841e+17 59744784.64258169
1.8661 15.18 1715625886.4225905 3.0528115771626694e+17 59799836.97142513
1.8909 14.983 1707743301.493562 3.215881223604498e+17 59841159.50603199
1.9143 14.865 1700288394.5532627 3.379870028619891e+17 59882510.595095724
1.9294 14.85 1695596808.7501926 3.489795674378742e+17 59923890.258347765
1.9549 14.825 1687806249.073903 3.685530418524805e+17 59979107.62555088
1.9804 14.8 1680051483.7679236 3.8931398070156326e+17 60034375.873256505
2.0052 14.776 1672332348.3720622 4.1077121255338925e+17 60089695.04834865
2.0275 14.755 1665415454.7715557 4.3122109694012614e+17 60145065.1977549
2.0584 14.726 1656237412.078475 4.61317574560381e+17 60228216.10146341
2.0815 14.705 1649387088.3568316 4.8528850016212096e+17 60297596.3285556
2.1132 14.675 1639919728.4467156 5.205950088015483e+17 60394862.93763794
2.1422 14.649 1631633413.720728 5.551367774352097e+17 60478359.18818005
2.1767 14.618 1621521048.5820134 5.997910762555076e+17 60603820.0527066
2.1964 14.6 1615558135.107929 6.269024974761652e+17 60673632.95885059
2.2248 14.575 1607394916.547035 6.683439175686135e+17 60785500.92365224
2.2398 14.562 1603328788.2236397 6.913532360375638e+17 60855523.11808157
2.2689 14.537 1594860090.6744235 7.38584178120799e+17 60981766.3998785
2.2891 14.519 1588995219.0884037 7.735706787749398e+17 61066074.04788298
2.3184 14.494 1580966219.7080948 8.27370439016575e+17 61206845.88704605
2.3413 14.475 1574427223.3546722 8.719669012870742e+17 61333817.979262345
2.3672 14.174 1566832569.2821171 9.283249011205158e+17 61475207.031931154
2.3908 14.43 1560352030.7802567 9.808441360309023e+17 61616922.020027846
2.4027 14.42 1556763320.6951122 1.0085559596191021e+18 61687901.9745937
2.4256 14.401 1550324429.3701308 1.0641430182243186e+18 61830107.27517132
2.4444 14.385 1545334820.5017946 1.1119877424455576e+18 61944107.507678114
2.4684 14.365 1538588884.3482933 1.1767927930277166e+18 62115502.08324415
2.4902 14.347 1532578012.376096 1.2390818628280952e+18 62273030.348312266
2.52 14.323 1524483016.6692128 1.3298418621331612e+18 62502875.801512964
2.5472 14.3 1516779989.5933034 1.4193843093800284e+18 62719126.323092334
2.5725 14.28 1509811018.571567 1.508342610540479e+18 62950618.28571981
2.6012 14.257 1502182127.3157148 1.6162182261066158e+18 63212068.20052679
2.6284 14.236 1494591783.9185534 1.7262353266051072e+18 63474603.98326997
2.6523 14.217 1488067359.16859 1.829784734295412e+18 63723555.56351464
2.6754 14.199 1481912599.5576937 1.9364219639466028e+18 63973483.548264824
2.6908 14.187 1477823575.521684 2.0109441078951434e+18 64150493.25106628
2.7108 14.171 1472389089.106288 2.112029597461019e+18 64387268.29014609
2.7427 14.147 1463600639.31864 2.2861251425434706e+18 64788809.52687793
2.7617 14.133 1458554261.5995674 2.396624529408638e+18 65042915.507880144
2.7757 14.123 1454529689.9512231 2.4814184100168714e+18 65222884.24656395
2.7958 14.108 1449180863.4933426 2.6097565724941384e+18 65508853.69386104
2.8165 14.093 1443519285.7166991 2.7491598965510364e+18 65811228.82388993
2.8294 14.084 1440199283.4886377 2.839880070698573e+18 66008520.700216025
2.8499 14.069 1434572794.4404163 2.9908869650638203e+18 66343747.5793171
2.8741 14.052 1427981531.171109 3.1812661175961795e+18 66742120.38584765
2.8991 14.035 1421093295.5065007 3.3907830225192684e+18 67173812.85473813
2.9163 14.024 1416193479.7025762 3.5440513028099144e+18 67483873.08707574
2.9384 14.009 1410335995.9157145 3.7523211390275057e+18 67904725.82051879
2.9543 13.999 1405796929.8600922 3.9093090059622743e+18 68218159.79381819
2.9758 13.985 1399982446.99296 4.1342810804713334e+18 68659399.38366503
2.9906 13.976 1395798060.4795113 4.297342811536792e+18 68960436.21637028
3.0103 13.964 1390345035.6163182 4.5248063785554816e+18 69390497.30731636
3.0378 13.948 1382682895.7830174 4.865192179849546e+18 70016435.93729751
3.0577 13.937 1377281108.5029676 5.127433068882616e+18 70485534.92252085
3.0705 13.93 1373480792.9116893 5.305178488808956e+18 70794578.43841374
3.0898 13.92 1368114955.8863156 5.584701947368307e+18 71285303.0126519
3.1172 13.906 1360575325.196453 6.010353280502417e+18 71994612.74408402
3.1412 13.894 1353700503.7296317 6.40914356644775e+18 72644041.85924765
3.1559 13.887 1349343714.9759223 6.671139157966498e+18 73063420.48960191
3.1802 13.876 1342525645.4680848 7.123607787354991e+18 73773434.09610291
3.1944 13.87 1338512990.7259326 7.404572674508977e+18 74199332.77899435
3.1998 13.868 1336972857.4384253 7.514498463746868e+18 74353257.46482751
3.2017 13.867 1336357300.432287 7.552661140948062e+18 74421770.89248522
3.2025 13.867 1336049628.2158306 7.568328950209767e+18 74438909.11154513
3.2031 13.866 1336049628.2158306 7.573558772744395e+18 74438909.11154513
3.2036 13.866 1336049628.2158306 7.577047328658625e+18 74456051.27728
3.2038 13.866 1336049628.2158306 7.578792209160491e+18 74456051.27728
3.2074 13.862 1336049628.2158306 7.578792209160491e+18 74456051.27728
3.2112 13.858 1336049628.2158306 7.5805374914822e+18 74456051.27728
3.2187 13.849 1336049628.2158306 7.5805374914822e+18 74456051.27728
3.2263 13.841 1336049628.2158306 7.582283175716284e+18 74456051.27728
3.234 13.833 1336049628.2158306 7.584029261955299e+18 74456051.27728
3.2342 13.833 1336049628.2158306 7.587522640818444e+18 74473197.39059888
3.2345 13.833 1335742026.8353643 7.592765726465285e+18 74473197.39059888
3.2354 13.832 1335742026.8353643 7.612021390057168e+18 74507501.46362525
3.2377 13.831 1334819647.546839 7.663020722739184e+18 74593330.79257137
3.2447 13.829 1332976799.341033 7.812679345516069e+18 74834179.27401605
3.2611 13.822 1328686708.3553793 8.175230379436527e+18 75422339.58475715
3.2756 13.817 1324715416.6045558 8.515300920209431e+18 75945142.26678687
3.2977 13.81 1318628902.1372597 9.061498022319981e+18 76771495.37690285
3.3194 13.803 1312570352.663725 9.631634640239782e+18 77606839.97011049
3.3326 13.799 1308647230.8464215 1e+19 78126793.45516053
3.355 13.792 1302634542.9866023 1.065368863667563e+19 79031459.08644709
3.3741 13.787 1297246747.5863917 1.1248639536467804e+19 79836226.20329356
3.3953 13.782 1290989144.727065 1.1950883147362742e+19 80723503.02488382
3.4197 13.777 1284170208.5947404 1.2817401835540929e+19 81808795.7945747
3.4372 13.773 1279153285.1053686 1.3480313738130903e+19 82584776.9206449
3.4516 13.771 1275036421.2706697 1.4050765962943867e+19 83253020.67492422
3.4779 13.766 1267134135.2861931 1.5160027880536773e+19 84469514.88445792
3.492 13.764 1263055954.230009 1.5794286077385535e+19 85153009.20209448
3.5162 13.76 1256095299.7948291 1.6943378004473254e+19 86337605.55974387
3.5432 13.757 1248023004.0878305 1.8331584286708589e+19 87700082.1143634
3.5648 13.755 1241716895.7962139 1.952540271298652e+19 88817797.63192481
3.591 13.752 1233737002.8940737 2.1086281499332973e+19 90198642.20737442
3.6029 13.752 1230049504.892123 2.1837353276021838e+19 90844784.70267761
3.6212 13.75 1224679901.2854733 2.30356250011754e+19 91833259.6483581
3.6472 13.749 1216809496.6185586 2.4871386702228505e+19 93282462.0253989
3.6622 13.748 1212055734.1462483 2.6001595631652667e+19 94145594.01947246
3.6772 13.748 1207598571.2405922 2.717690523442283e+19 95016712.47555652
3.6909 13.747 1203434868.137586 2.8300883917879353e+19 95807608.57350194
3.7126 13.747 1196527240.9920433 3.017866332008694e+19 97095700.65288235
3.7277 13.747 1191852716.0880783 3.155731173680012e+19 98016682.68662837
3.7417 13.746 1187469846.9134226 3.28927360480647e+19 98855309.4656939
3.7562 13.746 1183103095.1179888 3.4339977004258357e+19 99747036.13396199
3.7805 13.747 1175499883.7715108 3.69232567318532e+19 101274474.88145302
3.7999 13.747 1169290955.784988 3.911109723889311e+19 102517970.48255566
3.8244 13.748 1161509030.0126626 4.207266283844429e+19 104087840.89172667
3.8446 13.748 1155107996.9038897 4.468893449197688e+19 105438689.63912581
3.8643 13.75 1148742239.65075 4.739145036236962e+19 106733315.42618375
3.8756 13.75 1145308781.220361 4.902301301361685e+19 107497904.88200814
3.8943 13.752 1139259321.0348659 5.183224264170625e+19 108792761.33832896
3.909 13.754 1134547257.9604096 5.417513472313451e+19 109799408.36496033
3.9294 13.758 1127775330.8372936 5.757049982493297e+19 111224381.65659876
3.9426 13.761 1123628097.1508298 5.9896300640295125e+19 112150186.4666863
3.9653 13.769 1116150069.2019556 6.410619496207416e+19 113788926.43466394
3.9767 13.775 1112557819.6197517 6.63437475793171e+19 114604059.11366042
3.9959 13.788 1106171820.0120747 7.024250644644985e+19 115984512.11901645
4.0222 13.818 1097545644.2003284 7.594514226678718e+19 117923402.06530026
4.0452 13.859 1090241201.5441623 8.128305161640994e+19 119618953.88061787
4.0707 13.927 1081988364.6133897 8.753868129426661e+19 121478662.04712234
4.0898 13.99 1076025566.9370584 9.236341884196277e+19 122857026.52493869
4.1116 14.068 1069602946.2213666 9.799411610955923e+19 124365522.83881383
4.1312 14.135 1064198372.7593302 1.030623402930823e+20 125689789.81955443
4.1491 14.185 1059308825.3813169 1.0769610583443417e+20 126852783.12575758
4.1708 14.226 1053956266.8585659 1.1326611380767821e+20 128174018.35540876
4.1947 14.243 1048147953.0314344 1.1948131671611936e+20 129598507.4755141
4.21 14.24 1044534022.8824754 1.2359474334445068e+20 130496841.41302246
4.2386 14.21 1037821325.5974003 1.3167399127216153e+20 132190425.34417246
4.259 14.177 1033052969.7425952 1.3791134690236047e+20 133444291.43666238
4.2898 14.118 1025469128.3792595 1.483542526147485e+20 135425360.39233103
4.3208 14.063 1017706598.8747166 1.6032453906900353e+20 137530809.74214545
4.3387 14.035 1013030661.7942903 1.679964095484816e+20 138803366.65672356
4.3556 14.012 1008376208.6932391 1.7571142465951003e+20 140055445.72422317
4.3779 13.987 1002357375.9385498 1.8672393883829502e+20 141709837.49140325
4.3947 13.971 997522247.6999089 1.9561402981256446e+20 142955214.00370374
4.4208 13.951 990199244.2291007 2.105716983911751e+20 144943919.1287783
4.438 13.943 985195888.0057517 2.2115664858298804e+20 146285068.6999855
4.4582 13.934 979315414.7960569 2.3436890988269987e+20 147808700.9103
4.4732 13.928 974815869.1838527 2.447372073067255e+20 148970405.52577108
4.4958 13.919 968328224.087359 2.61396639490488e+20 150695401.52263555
4.5118 13.912 963435379.4659679 2.7384196342643612e+20 151914769.84475204
4.5326 13.9 957464301.4880419 2.909376991896541e+20 153461698.2799294
4.5431 13.893 954163041.3026911 2.9998531811907935e+20 154241059.5749597
4.5647 13.877 947812845.9767306 3.19668615426732e+20 155847557.41243494
4.584 13.858 941938591.6858575 3.381426874738272e+20 157253384.00769067
4.5963 13.845 938258679.3077735 3.5059038393261156e+20 158124803.92703825
4.6125 13.824 933517772.4351567 3.6770539337821494e+20 159257538.88710356
4.6341 13.791 926878035.1638858 3.9174187710778304e+20 160768144.7230717
4.6578 13.747 919861814.1037314 4.199523346640664e+20 162367835.04824397
4.6777 13.708 913739902.0828302 4.452459727917396e+20 163681652.14278102
4.6925 13.678 909122885.606345 4.651574703021666e+20 164664507.67206353
4.7149 13.633 902448838.9251434 4.9682106333139265e+20 166111614.76000124
4.741 13.582 894381053.3787501 5.3666095604607484e+20 167764474.18366474
4.7586 13.553 888837953.005309 5.653273542660735e+20 168888469.47909203
4.7714 13.535 884957859.1885945 5.8694850394781476e+20 169668023.23464623
4.7982 13.503 876642639.0995742 6.353309318517449e+20 171277375.6575612
4.8133 13.481 872012259.2150421 6.64354681976003e+20 172186857.49860096
4.835 13.465 865212112.14756 7.0859812691677e+20 173460262.78792876
4.8521 13.451 859849791.955475 7.454182133789886e+20 174461659.81330132
4.864 13.441 856293387.913442 7.719692476102495e+20 175145909.941338
4.88 13.427 851182312.6556509 8.096549959081958e+20 176035395.36161625
4.8938 13.415 846881392.0620931 8.433347577642722e+20 176766515.09282297
4.912 13.398 841051501.5659256 8.902254380102118e+20 177746067.06429604
4.9249 13.385 836994473.6405662 9.249111180764663e+20 178402115.5191492
4.9498 13.358 829129925.9795098 9.960932565980795e+20 179638739.9063893
4.9681 13.337 823422235.7163119 1.0519618738232192e+21 180509473.71315724
4.9866 13.313 817377334.0572312 1.1114757710605054e+21 181342667.58708018
5.0005 13.295 813059990.3679276 1.1582438423173809e+21 181928190.52385497
5.0274 13.256 804493594.4804708 1.254584737858001e+21 183020610.6311053
5.0488 13.221 797485123.7937268 1.3375191229856088e+21 183780741.7364153
5.0716 13.181 790173736.2315878 1.4311989205418503e+21 184501541.91794738
5.0896 13.145 784372918.2284728 1.510080154164143e+21 185012043.47718623
5.1082 13.104 778256202.3872237 1.5962466542993848e+21 185481244.00279072
5.1323 13.045 770411204.8222301 1.715141676291709e+21 185994456.32225794
5.1471 13.005 765636431.6749002 1.7926685523655236e+21 186251594.74379086
5.1698 12.934 758093181.5478897 1.9186687406702949e+21 186509088.66069326
5.1884 12.867 752008224.7544396 2.029083877009212e+21 186680949.0120643
5.2002 12.82 748036157.2304573 2.1018416802643593e+21 186723938.83829504
5.2199 12.731 741519524.2621617 2.229975029531487e+21 186766938.5644388
5.2334 12.659 736923812.9193019 2.3222020280147258e+21 186723938.83829504
5.2557 12.517 729495455.1366018 2.48370493365443e+21 186594999.0502246
5.2748 12.36 722973852.320734 2.632085544344106e+21 186380297.2346201
5.2869 12.232 718824035.874467 2.7308635451208206e+21 186208713.66628656
5.3069 11.929 711905897.2192166 2.9013491821233895e+21 185908822.4292019
5.3324 -10.514 703108892.2624348 3.136895130158384e+21 185438540.28467962
5.3571 -11.802 694420591.6955343 3.3845427186630824e+21 184884285.81619835
5.3807 -11.985 685997590.8594475 3.6408266378940037e+21 184331687.9505751
5.3928 -12.02 681589027.7443628 3.7818125611095074e+21 184077200.14689583
5.4075 -12.03 676273843.7211286 3.9600438961152485e+21 183738429.52834514
5.428 -11.989 668686554.0900192 4.2237674594980693e+21 183273637.69361234
5.4422 -11.928 663471986.448558 4.41773844889647e+21 182978473.4295412
5.4567 -11.831 657994995.4977218 4.6259400476615885e+21 182683784.53085202
5.4742 -11.645 651362257.9472548 4.892152651344166e+21 182305596.0681068
5.4962 -11.143 642869157.6656641 5.250491986747604e+21 181844428.78428963
5.5076 9.417 638443677.5126184 5.446280436471707e+21 181593374.88353455
5.5294 11.358 629683901.861644 5.845208403588553e+21 181050613.17218107
5.5403 11.495 625349188.3711109 6.05619708727758e+21 180717412.60109258
5.5556 11.598 619188084.8114393 6.365023332473038e+21 180260262.84757337
5.5779 11.65 610130296.1595504 6.843842399195384e+21 179390731.1734205
5.5922 11.649 604258252.688625 7.171334826577195e+21 178731047.2248371
5.6035 11.633 599684177.8724743 7.437037990627145e+21 178114796.8965769
5.6174 11.598 593912670.4035641 7.783949326267285e+21 177255614.42845944
5.6412 11.502 583878643.6956668 8.413951416451964e+21 175428439.42496502
5.6563 11.427 577460909.4824597 8.836901211414584e+21 174060409.13031954
5.6806 11.297 566921060.0588542 9.56533093374911e+21 171316818.27158123
5.7012 11.139 557985085.2109542 1.0235286413287946e+22 168771845.74248034
5.7225 10.849 548431751.7029699 1.0974885550989521e+22 166111614.76000124
5.7374 10.499 541779528.0241592 1.1529221952567717e+22 164096757.6449624
5.7547 -9.818 533854109.91431665 1.2206748591607446e+22 161621822.6106616
5.7675 -10.488 527864663.7893703 1.2737963497001945e+22 159698192.23383042
5.7879 -10.804 518230047.86815 1.3630130062078247e+22 156494831.92248687
5.8025 -10.926 511237368.2527465 1.4308694127493387e+22 154170045.29495615
5.8241 -11.052 500751882.3702639 1.538154640303039e+22 150626019.70259
5.8392 -11.118 493199457.8436818 1.6188253626421035e+22 148183551.75164306
5.8569 -11.181 484197553.2366061 1.7183039957262966e+22 145344967.79183143
5.8643 -11.204 480421672.17882365 1.7619760464116239e+22 144178333.0420595
5.8667 -11.211 479206378.9435957 1.7762332682884429e+22 143813613.95680746
5.8684 -11.219 478324460.6979976 1.7860762682414206e+22 143548943.3353656
5.8694 -11.242 477884110.40880215 1.7910182037416793e+22 143416790.74041086
5.8717 -11.26 476785007.4546461 1.8038482524317482e+22 143086941.27493387
5.8782 -11.279 473393827.0423845 1.8441659537910055e+22 142069221.28601816
5.8936 -11.313 465395940.24756444 1.9426743230314867e+22 139701156.05412272
5.9102 -11.344 456375782.4178553 2.0563640367928446e+22 137309314.81927764
5.929 -11.369 446090105.53955954 2.1923000814805373e+22 134648028.83878502
5.9454 -11.382 436940790.9659082 2.318462095413139e+22 132342702.83674076
5.9604 -11.383 428274868.6094985 2.4411811060548844e+22 130226689.35779798
5.9723 -11.378 421427227.03013676 2.5421431362049423e+22 128558264.22088656
5.9842 -11.368 414402713.5213651 2.64850013860669e+22 126881995.4215613
5.9921 -11.357 409659084.8857784 2.7201947619843746e+22 125776643.24512556
6.0036 -11.335 402737982.83876574 2.830088391787935e+22 124193824.15199198
6.0184 -11.302 393661180.52434456 2.9764596536372814e+22 122208102.23250552
6.0288 -11.274 387099482.31618744 3.0846081377571447e+22 120809197.65409516
6.0461 -11.233 376030082.96394944 3.2726533057537204e+22 118522280.719571
6.0591 -11.211 367555216.24469686 3.4221575515374052e+22 116842273.81673338
6.0701 -11.199 360182485.3735701 3.553039208152711e+22 115425031.03646724
6.0828 -11.186 351578727.980625 3.710222886174666e+22 113841340.23961335
6.0944 -11.176 343496716.93035334 3.861001763618362e+22 112408719.34697317
6.1063 -11.171 335060004.9079223 4.020684539919114e+22 110994127.07748215
6.1186 -11.168 326078819.84739554 4.194691248825648e+22 109572103.73818943
6.129 -11.166 318289704.1328014 4.347103696062112e+22 108392691.40212038
6.1392 -11.163 310472108.09441537 4.501943082824324e+22 107225974.02590898
6.1555 -11.158 297592917.1046355 4.761019935823156e+22 105414414.27853851
6.169 -11.151 286432695.8564126 4.988844874600127e+22 103920206.24802019
6.1827 -11.142 274803709.2914536 5.2287755531344035e+22 102447178.03103822
6.1939 -11.134 264924784.97821048 5.43375433906333e+22 101251158.25636548
6.2104 -11.118 249644838.06079283 5.751749984619425e+22 99540541.73515275
6.2237 -11.104 236604276.77709487 6.022821610146365e+22 98174794.30199844
6.2299 -11.097 230315194.53156528 6.151768727098702e+22 97543874.04403006
6.2417 -11.085 217832457.23714185 6.407667976494349e+22 96360711.93384273
6.2497 -11.076 209036723.9814024 6.5856705315437806e+22 95587257.18846922
6.2589 -11.065 198254288.53189558 6.7998604500332165e+22 94689102.46508303
6.2689 -11.053 186089809.16656348 7.037201717220577e+22 93756200.69258812
6.274 -11.046 179482698.5191024 7.163083273130367e+22 93282462.0253989
6.2833 -11.034 166887031.80574697 7.396052750582374e+22 92427243.27301164
6.2878 -11.027 160443671.1132679 7.5127683857227144e+22 92023765.48056701
6.2936 -11.019 151643077.82999435 7.664785401625896e+22 91495555.8721382
6.299 -11.01 143160296.93887898 7.807284401379038e+22 91012281.2029189
6.3008 -11.008 140062731.1209617 7.859591965181884e+22 90844784.70267761
6.3056 -11.0 131923629.30340976 7.98913941667404e+22 90427390.83117828
6.3089 -10.995 125812151.87145635 8.081649291125351e+22 90136356.70781423
6.3127 -10.989 118692312.27374014 8.186532683155699e+22 89825573.77294174
6.3148 -10.985 114372757.1177158 8.247076061270778e+22 89639618.59499493
6.3185 -10.979 106640602.60367401 8.352182974126033e+22 89309981.62235174
6.3208 -10.975 101489845.30058943 8.419765576091762e+22 89125093.8133746
6.3226 -10.972 97279782.40903972 8.472274141405981e+22 88981556.842882
6.3252 -10.967 90828593.79725014 8.548698491636639e+22 88756465.65663144
6.3274 -10.964 84942021.13768432 8.613903457724247e+22 88572723.72577763
6.329 -10.961 80671956.63076456 8.659643233600654e+22 88450440.47552618
6.3303 -10.959 76846234.28541222 8.699614330652655e+22 88328326.04918213
6.3315 -10.956 72983147.75747697 8.735746039721487e+22 88226692.82177165
6.3323 -10.955 70456747.43182924 8.759917176331152e+22 88165769.02621904
6.3332 -10.953 67285671.43258177 8.788201377171675e+22 88084602.73622589
6.3345 -10.951 62794642.246470146 8.826733207212547e+22 87983249.94418664
6.3353 -10.95 59761651.488272324 8.851156098308337e+22 87922494.25494775
6.3358 -10.949 57719504.012944706 8.867475556540436e+22 87882013.77171692
6.3366 -10.947 54428026.870264634 8.892011178579518e+22 87821327.98980062
6.3375 -10.946 50526892.66252315 8.918668051594671e+22 87740478.79567535
6.3382 -10.944 46851401.90297055 8.94128627502953e+22 87679890.74889642
6.3387 -10.943 44598740.13215589 8.955709546432773e+22 87639521.96298766
6.339 -10.943 42896572.27523054 8.966026125642994e+22 87619344.5404054
6.3395 -10.942 39913755.30561755 8.982557377294137e+22 87579003.63063686
6.3398 -10.942 38647605.422659405 8.988764451709105e+22 87558840.14131157
6.3401 -10.941 36284620.94734291 9.00119147103187e+22 87518527.08843355
6.3404 -10.94 34555930.392838165 9.009485693796407e+22 87498377.52274364
6.3406 -10.94 32947509.39677551 9.015711376059534e+22 87478232.59612857
6.3409 -10.939 31040062.74794521 9.024018978311428e+22 87458092.3075201
6.3412 -10.939 28768855.874361984 9.034414246950011e+22 87437956.6558508
6.3414 -10.939 27228429.374099765 9.038575706601745e+22 87417825.64005287
6.3416 -10.938 25699376.713300392 9.044821490475873e+22 87417825.64005287
6.3417 -10.938 23978531.948760457 9.051071590275225e+22 87397699.25905882
6.3419 -10.938 22409005.877705734 9.055240722683626e+22 87377577.51180194
6.342 -10.937 21484368.3877631 9.059411775490607e+22 87377577.51180194
6.3421 -10.937 20156846.59148864 9.06149802231998e+22 87357460.39721523
6.3422 -10.937 19418809.018131822 9.063584749580748e+22 87357460.39721523
6.3423 -10.937 18400201.988910798 9.06775964583904e+22 87357460.39721523
6.3423 -10.937 17406946.339543864 9.069847815057911e+22 87357460.39721523
6.3424 -10.937 16650320.228375029 9.069847815057911e+22 87337347.91423206
6.3424 -10.937 15959621.615934694 9.071936465150873e+22 87337347.91423206
6.3425 -10.936 15181776.39133255 9.074025596228667e+22 87337347.91423206
6.3425 -10.936 14220752.911081128 9.076115208402054e+22 87337347.91423206
6.3426 -10.936 13505870.789676763 9.078205301781825e+22 87317240.06178595
6.3426 -10.936 12862417.154089443 9.078205301781825e+22 87317240.06178595
6.3427 -10.936 12198953.911616605 9.080295876478866e+22 87317240.06178595
6.3427 -10.936 11700989.524022523 9.080295876478866e+22 87317240.06178595
6.3427 -10.936 11220768.19398338 9.080295876478866e+22 87317240.06178595
6.3427 -10.936 10573593.025413115 9.082386932603871e+22 87317240.06178595
6.3428 -10.936 10065204.20840761 9.082386932603871e+22 87317240.06178595
6.3428 -10.936 9491232.02768771 9.084478470267779e+22 87317240.06178595
6.3428 -10.936 8878152.29335006 9.084478470267779e+22 87317240.06178595
6.3428 -10.936 8297028.665056888 9.084478470267779e+22 87297136.83881113
6.3428 -10.936 7909018.483945275 9.084478470267779e+22 87297136.83881113
6.3429 -10.936 7459721.098449151 9.086570489581482e+22 87297136.83881113
6.3429 -10.936 6907526.989924207 9.086570489581482e+22 87297136.83881113
6.3429 -10.936 6579949.954977211 9.086570489581482e+22 87297136.83881113
6.3429 -10.936 6249173.616202406 9.086570489581482e+22 87297136.83881113
6.3429 -10.936 5945968.313934243 9.086570489581482e+22 87297136.83881113
6.3429 -10.936 5551656.5451062145 9.088662990655896e+22 87297136.83881113
6.3429 -10.936 5255603.467751087 9.088662990655896e+22 87297136.83881113
6.3429 -10.936 5044551.853105391 9.088662990655896e+22 87297136.83881113
6.3429 -10.936 4829727.083866773 9.088662990655896e+22 87297136.83881113
6.3429 -10.936 4601745.438789401 9.088662990655896e+22 87297136.83881113
6.3429 -10.936 4347329.823471323 9.088662990655896e+22 87297136.83881113
6.343 -10.935 4086227.9542707587 9.088662990655896e+22 87297136.83881113
6.343 -10.935 3868321.758019697 9.088662990655896e+22 87297136.83881113
6.343 -10.935 3651090.437194615 9.088662990655896e+22 87297136.83881113
6.343 -10.935 3406611.3615423064 9.088662990655896e+22 87297136.83881113
6.343 -10.935 3189499.8827387984 9.088662990655896e+22 87297136.83881113
6.343 -10.935 3060008.201719599 9.088662990655896e+22 87297136.83881113
6.343 -10.936 6.96342 9.090755973601964e+22 87297136.83881113
